0.400269507619362
0.164466746690374
0.190681088425446
0.135563587673705
0.238766251522729
NA
1.95964607436118
0.132526696469707
0.637126627817922
1.33412142066291
0.220365047811152
2.05807060137467
0.488569626995032
5.13193557958978
5.39920168383134
2.05794575508139
0.245726019528252
2.07509410847696
0.56054082809529
0.936314658459856
0.316091188960079
0.0674194602346365
0.33289922170989
NA
0.284510089716481
0.882507647714579
3.38585803212894
8.57983095597025
1.36488550395358
0.405600635024839
0.127635856839628
0.196799444195626
0.501345497013362
5.36034748950245
0.470998534913588
0.324218790210662
4.69475389971776
4.40016853051787
0.267661477129805
0.353841149981271
2.27934619206818
0.203272355682176
0.155362292195969
1.5422735818614
0.306017267176104
0.202554141278463
NA
0.193651491171116
0.11707186146894
5.2657734344289
0.42480541872885
0.770814250432361
0.39361071281835
0.325182525306377
0.489113902150951
0.380706358990697
NA
0.170043504346858
0.52150830820125
0.222290203690007
8.13215071688175
0.465760700818882
0.978705799813806
NA
4.71793602106947
0.208769064413878
0.439758378649287
0.73265379040455
0.204202904751527
0.096010066073217
1.20635354096479
0.615282967998253
0.256986564805229
0.231046542264557
1.35797886724417
0.190615528682587
0.834156256005615
0.361769146719473
0.255772295711582
3.63101112654895
6.45055615416317
NA
0.152921650780082
1.64985116766407
4.85294387427891
0.264982981045087
2.8651370488673
0.413198261326205
0.285662475055864
1.14425181884303
1.47849811705664
3.05355122009335
2.06604187205432
NA
0.134292443459647
0.22706994172849
3.76051200114542
0.266271057770479
1.1785351168196
0.319551156749085
