0.0961405157566877
0.0733911739064144
0.0456668331774714
0.118546288834019
0.074459163125226
0.0506860760645247
0.0670579052004252
3.14340826728255
0.403520779165544
0.593987342887112
0.0719107218550854
1.52003264787292
0.0849686093535114
0.0599964247170182
1.01545112482283
0.221219879722679
0.0429293529747266
0.0707389702149752
0.0651104244609093
0.119270391672892
NA
0.0651376544957243
0.0260701969244801
0.102791803772654
0.0654578899461473
NA
0.0685820135347079
0.455187119424979
1.50923935314314
0.0538248716310856
0.106488797367328
1.5505054502178
0.0609488317516877
0.189565552004952
0.0629783880188386
0.0698813917124789
0.0802655014281048
0.0936432775105329
0.0743368176057204
2.37969109115646
3.12443381013252
0.0564055563228025
0.126213027749143
0.234457495901358
0.0360892276366807
NA
0.128812758770502
NA
0.0558674002350654
NA
0.71377458054115
0.161842083513362
0.0458080537665497
0.264788158075726
0.0926187072557811
0.0695271150572812
0.375939037403867
0.119654317493221
0.073724415967481
0.0911041332311766
0.0281640392557219
0.157074526603056
0.492317838887939
3.10077059462001
NA
0.180225630842548
0.0385269791458236
0.100712947338463
0.0660295967673661
0.0440787451555278
3.59412157455915
0.0679162744183543
0.0798399819157822
0.0679621895915969
0.596615934743849
3.82315016997378
0.245225475486807
0.341205444718392
0.100790034870056
0.565841858655433
0.0767090615216315
0.383798876151105
0.0954381624479992
0.0548001333805359
0.549672086712443
0.58248017152225
0.0768906850905287
0.442371455815012
0.368701877975077
0.118360727811896
0.106249917984806
0.325788145430415
0.215315419153143
0.170834765088418
0.0337326282966146
0.0876574001188206
1.0122861401472
0.151882290625158
0.480411956005133
0.454569184297611
