0.27437207435994
2.07128180238735
2.06419480116734
0.206069261136559
0.186071414414826
2.00060134542943
0.245209296202775
0.313412927781991
2.04013273817448
0.195697766164578
0.170086996037846
0.882724260294629
2.06942857091472
2.06704337875725
0.250574724882164
0.310895548726682
0.121175376338848
0.208513010122787
0.291028636498029
2.04156615727598
0.240467125734453
0.17176800618
0.456195536861003
2.1116029838906
1.70948496721295
0.494375968669037
0.195150541898764
0.157434743973002
2.07282258960898
2.04599759366113
1.89972800842762
1.51954222519616
0.251444705068123
2.07391018623596
0.160176029926268
1.99771443755722
0.285112298370795
0.200517465705576
0.283249670150967
2.0715977638147
0.341930452845357
2.0118169083508
2.07799320568071
2.10938271372433
2.01838625029616
0.186239619058783
0.214031809390317
0.20407959429275
0.273821358424575
0.67398449573632
0.141738692228387
1.9937435134191
0.196771478430768
0.311812754298612
0.333503681474409
2.00995630477461
0.387503123121593
0.186261032194627
0.178171280938193
0.214377593553889
2.04745975786344
2.03806918749642
0.17587302781311
2.04620688187186
0.22128242445902
0.325294803128511
0.1284942207737
0.212470240364182
0.171184998461494
2.03380142548496
0.182674288430308
0.329958488899689
2.03787992050361
2.02739874361158
0.200350259089534
2.03070603671339
0.214127182041104
1.29336371801403
0.42089531598722
2.04646650027644
0.304016128584244
0.264967928594255
0.217058739473754
0.25575645661525
2.03415853948526
0.195725240096782
0.228677216801903
0.175413151910521
0.224952812066415
2.007074891749
0.159362452699323
0.186294070233202
2.11808666703819
0.27587206944008
0.219377713715599
0.199057652967013
0.203769437968494
2.04201092945981
2.04795567284871
2.05965662146136
