0.564252362981043
2.07165945143026
1.97093330857206
1.21075504259539
2.44739642423895
2.0821795583021
1.41196647349242
1.16448848737684
2.02389924504038
0.407121683270844
1.18307920325094
2.01781361339688
3.94532642297797
2.1158970447774
1.37173094620756
0.843140632170295
0.458442970437341
2.1694219749253
0.729760751076022
2.13428736698772
1.45274315382354
1.47469527033527
1.78002210022958
2.09883061506347
2.67168901543749
1.8952977386932
0.986168048100827
0.88404753768259
2.13694375702246
2.11909725782358
2.69164624390185
2.02270479712275
0.75519340873751
2.08243980517686
1.75646626221051
2.07402052193682
1.82863098497674
0.729340905585913
1.15318628281229
2.05875744535805
1.89550739821329
2.06364984760109
2.03766667888261
3.0703314802646
2.0124675700537
1.03949098777112
0.931396448009274
1.09174700429232
1.31812730704698
2.38979538168051
0.226390422808786
2.30953153308363
1.08936776479348
0.510202565158275
1.19670063290073
2.07222918025548
1.38691612186936
0.989853777285324
2.41184073957085
1.00191740356456
2.15189562112623
2.05052342117208
0.314984844167339
2.08972541876728
0.287156488295707
0.653866731825947
1.38790774095367
1.07805423640996
1.47173916693661
2.17125800002306
1.58126534564817
0.434451717823641
2.08570927286371
2.07208162070815
0.658829811867882
2.0272129998692
1.86653657019076
2.64613611336432
2.57902475998773
2.10782781802204
1.25263445786594
0.87516210082343
1.08970633537435
0.720940976517842
2.50507553603656
0.382402380319315
0.594965432531429
0.790123475388107
2.11581476785291
2.05720903974845
1.66676985888183
1.23150337580911
2.09344102856836
0.853752645528237
0.424969184102441
0.958245717433642
1.42064506990458
2.81210586382963
2.18025823247131
2.04246042672281
