0.132006323497124
0.087873863521363
0.238679652012299
0.11490941845462
0.212715235237364
0.169804435275958
0.0939250164017922
0.109045949027924
0.107347354939547
0.116131155295653
0.139932561703269
0.0839031025691847
0.114044306858725
0.175379045633508
0.124670730280113
0.124572860668229
0.0921683435273112
0.112747557109412
0.19891286051886
0.108728395629564
0.205961550753935
0.19960418958997
0.140170333915138
0.232386658058232
0.120214504135086
7.14720890093158
0.0910148688971397
0.1383025124828
0.253468616841249
0.132841242997318
0.160719063311239
0.137157683002206
0.124227214076678
0.129374468220828
0.108344363527569
0.169541753314647
0.081136866643717
0.176750591309142
0.0917717916735394
2.11810903433691
2.82909875340698
0.164265313732697
0.0525043558117768
0.109264455681043
0.13349396920947
8.7155608868027
0.186273699796377
2.09251923643812
0.120178720252543
0.100389855809863
0.095304864121976
0.092359295277723
0.102485895022859
0.0983685235655551
0.0949527095686878
0.132409450866785
0.143248840297794
0.165297154766044
0.12682197260572
0.17440956147843
0.179226357542039
0.151725095520847
0.0952457925463059
1.95970309986027
0.157485589708846
0.167291016371376
0.126670357946139
0.148544916554425
0.190640132795054
0.100619073371797
3.02517284877521
0.167625608659088
0.152569243247174
0.125652842359661
0.158606519180687
3.18628266279026
0.0806799583494179
0.163016690474722
0.0716557322194342
0.0597689001096537
0.154637871429447
0.187207085449982
0.261475537954283
0.148273697610341
0.0780372416285646
0.154173676853469
0.181378377184993
0.216194111406827
0.161824134447358
0.171616848601551
0.081855496626619
0.197805086515413
0.169775386814604
0.183757483675705
0.160626315922638
0.133258520312463
0.0860396054200296
0.160665218364842
0.174762702961852
0.0792105438200673
