0.283574384020181
0.241000478927285
0.186822089957545
0.204235835390839
0.185216057767946
2.16263504821191
0.232269204964396
0.115936822773389
0.260928377758413
0.182129811387471
0.140212378950743
0.309221346867636
0.346618972804753
4.06856305942829
5.3369210306022
2.21340961298049
0.171651416171693
0.336747917094565
0.172861197159879
0.154626014005802
0.278357816205981
0.147041612232149
0.0977095028868263
0.378018132468103
0.155919603089872
0.243670297451327
4.02322423511359
7.32362136009792
0.358435441515899
0.331325646407561
0.276780609567599
0.390550159901717
0.364817147688359
4.69663098949764
0.246618555696127
0.378367581253848
3.89201055543153
4.10691652944333
0.156419196244031
0.200303924812288
0.155710505025477
0.141794512201496
0.221637851059165
0.157890689926087
0.184483969431618
0.297875132159576
0.153634486705269
0.169975446664622
0.150063887082487
4.60596478416345
0.210208714402311
0.209782684525013
0.188693552064956
0.134737532324944
0.191720048234208
0.327408903964857
5.00351588257085
0.187832303670326
0.148569133688059
0.331083450805134
7.36209317766835
0.139648108740871
0.236978772046283
7.28824655766415
5.2760591089742
0.224639309802674
0.229197798041117
0.281203756097299
0.336789332383992
0.416589965188283
0.32589314350083
0.151758349568167
0.267451487786811
0.134550600341431
0.146042850620222
0.160392143037326
0.298446834682015
0.110060441308954
0.277762017073901
0.24617784232385
5.5596550498389
9.49942899124493
0.306700930650235
0.177458477617093
2.18272522641074
0.161926408502528
0.29156674983887
0.21187601398669
0.201741427812956
0.180770566909794
0.26511465314678
0.2438437383739
0.224922305422859
0.254942818133214
0.214311546689278
0.136300063244575
4.21684188002949
0.211477307037741
0.129499049653818
0.352241475755585
