0.21179687911504
2.07731752184031
0.165659603811191
10.8937025222544
0.189189704203863
0.230752392046154
0.121375315006382
0.200912249161072
19.010986564709
0.0736817108895389
9.72336779868437
0.180202408013522
0.109495502508369
0.114769216304483
0.15986154451715
0.156447834943662
1.67043225612645
0.268513385658939
90.3726588880291
0.146674796444205
0.191373020181175
0.0990464052563731
0.136118294419748
0.0920572773772486
0.132407214944126
0.111109961411856
0.105866132909943
2.0988543080094
0.134703182892189
0.168352006020511
0.134144149228867
0.154596751957734
0.127494849254592
NA
0.10576573068789
0.129636280363712
0.086671295747672
0.110854784493324
12.3603293480998
0.143586514159558
0.160412352114679
0.217420153838874
0.159737815324123
0.130088733797855
0.0942970638034563
10.4692541089474
0.113209005292157
0.142685429490303
0.105993333706785
0.169229258670035
0.16915647475444
4.36926389434246
0.0894203631525123
0.0842354563444019
0.145086043975644
0.0967815899420234
17.170020912561
0.176942927976549
0.119653666519503
0.167756158890581
0.223131464784987
0.130638072512393
0.119495111532993
0.127863812519971
0.0976431790231511
0.117036914865631
0.100133211981337
0.19022874180042
0.134834428701031
0.130365661857212
0.184517755416914
0.158830206512215
0.170178935106686
0.243160754610995
10.5437846926279
0.12966930771079
0.0912582543373869
0.093803641202908
0.111949335199148
0.195523469837135
0.103693371856354
0.252170861086032
0.189253028842507
0.149095480538949
0.146214460547586
0.0821014151246375
0.18616081998827
0.143009045233645
0.137547325435284
0.114876357212781
0.0880443856312321
0.177607084747731
0.141959209854759
0.0801170266666043
3.31590983507399
0.138490822519839
0.166604237044502
0.245640077890325
0.36715065737571
0.160438354856973
