0.268340841219184
0.255860115219111
3.63982245832652
0.117298638697359
9.79920261750062
0.317732072627111
0.283614015938197
0.262752977691793
0.371527982686832
0.387482488555459
0.158328831352683
0.145662880813071
0.248286513764088
5.8583192724195
0.17053482296084
0.154934794825188
5.58067409768721
3.66826140483958
0.144034590336249
0.220834968557891
0.239821788111969
0.258896334800406
0.252714609260176
11.529481946433
0.499323442731695
0.247659209198893
2.18201791507712
0.253260127827617
0.220193765941707
0.252665632328855
0.277105465674866
0.214304043912481
0.120381329366215
0.307392014517887
3.14190404103735
0.393677332760406
8.42197433707597
3.81149945187874
0.533369854345733
0.175416909889068
0.315584494848096
0.12419739069009
0.286713684399638
0.295542225827058
0.237917235916042
8.35441209947098
9.33693295746317
0.261575840610823
0.137413139655168
0.312494208941165
1.88599097770088
0.241662253380171
0.230396217743295
0.167320708474545
0.231929777356191
4.08468290706855
0.207455342193878
0.638417661171785
0.306305359396367
0.336808532968628
0.124819846740164
3.61132475329487
0.188533312505315
0.191641958955543
0.147295736948753
0.313487584394857
3.39646929838368
0.135897291148911
0.196337457364401
8.03758333936638
0.209658115185524
1.23838043362701
0.325735913044994
2.14404656987933
0.217012034935257
10.9346623663578
0.167690587094874
0.20323937769386
0.30344234220141
0.354083590895694
2.61586201593123
3.21087117915833
0.232914677518449
0.135472054154133
0.163671164701507
0.171632390139597
0.180349216687839
6.66368328713004
4.79917531019244
0.340333134233755
4.19287220359213
0.363091653619499
0.159845305738844
0.204482644701332
4.12598727973671
0.260463445257442
0.313676994338191
0.541338606393203
9.19926199017928
0.157877994912699
