0.0335555476464353
0.0489734683228408
0.0386577001835793
0.0454729304828495
0.0369130308005227
0.0528550017310057
0.0478821256034275
0.0392050020105903
0.0688946073260113
0.0375331897647176
0.0426437045456235
0.0460092596529338
0.0469002050266329
0.0451141452308961
0.0393543514254681
0.0430027982629703
0.0613919640381739
0.0439909812382785
0.0467783811073865
0.041855796703688
0.0434861568815844
0.0471401942021977
0.043143839277288
0.0401913739827969
0.0340417395903501
0.0425405318518044
0.0508963308257174
0.0422593600934427
0.136777898411342
0.0431067402987361
0.0471729336768268
0.081040300424967
0.0409616828716464
0.0504449636943769
0.0411773417331677
0.0361414614585546
0.0940065832818294
0.0368443163275312
0.0356524246541065
0.0481688456225878
0.0405091314909429
0.0442894691800344
0.0456288079795825
0.0437133852801389
0.0522120082491893
0.0462529536188717
0.0455368239469546
0.0491138555996203
0.0340529290047684
0.0504269451903124
0.036912466149246
0.0815709616646418
0.0454865823237589
0.0405102343897799
0.0387479046563797
0.0444170674096458
0.0442945117038911
0.0492868718347457
0.0970381179493198
0.0386191370550922
0.0435992054549726
0.0510009288650659
0.0430109379165007
0.0387483373944589
0.198216965736587
0.0456741659900615
0.0419089453150204
0.108401828552056
0.0389483067758761
0.0508421607854235
0.0443169037087716
0.0429297326740244
0.0500479723933429
0.0380481204073805
0.0478595103523589
0.0465208017511914
0.0554846224294205
0.0476676861422908
0.0462598302614645
0.0434251451366013
0.0393601174960986
0.0411737884301356
0.0413113348186026
0.0408994754601043
0.042312941746555
0.0480162912617478
0.0512143272367029
0.0396141714334963
0.0442592106535696
0.0655299915113257
0.0392956420400405
0.0484546939411
0.0444978342465322
0.0435764176454683
0.0449602836634552
0.0579581835381636
0.0427204338187495
0.0400987972010103
0.0401926077149529
0.0459275373788381
