0.0914196963248232
0.0897823204270636
0.083041868479678
0.0732865076287306
0.0763963027321575
0.0996688619979871
0.0837797811699504
0.0870996029930629
0.0866117697718742
0.0775071126468219
0.0772894814540127
0.0777296598360928
0.0806550993430128
0.0770724638160657
0.0993527046922102
0.0767222465463303
0.0734408077513086
0.0841656973162241
0.0896219220682586
0.0803731938069162
0.0784061511745697
0.0979340524077332
0.101048744970884
0.0774610898367736
0.0780153819754826
0.100967107379849
0.0888792945332387
0.084107440991714
0.132237883831619
0.0817716543081973
0.109610230483113
0.105409525912983
0.0764029556046623
0.102480731860219
0.0974263543892548
0.0770565709279287
0.0751708912043527
0.0933363477815728
0.124793924964891
0.0741451063246688
0.081859790701464
0.0778168956104853
0.134905127582458
0.0806780119549537
0.0791165534448566
0.0802398567212113
0.0914801967492354
0.073793290815628
0.082811449488269
0.0745158397435455
0.0758512451673344
0.0816997959028861
0.074042091313445
0.0707942382190727
0.0997952400383483
0.112713834570115
0.0746994419646374
0.0772987464263311
0.0748674164999975
0.0841940864155865
0.0888332185605917
0.0745578708983563
0.0805377996871803
0.0769731724660596
0.0883488248812802
0.0820425240853621
0.0768860137428147
0.0921253642670263
0.0802068565289749
0.0791360852406781
0.0790025581586786
0.0748725801065251
0.150890100234588
0.0811176929323336
0.0798374961709459
0.103418556792497
0.0756162024946768
0.0772270693831287
0.0771031448009802
0.0781013015816083
0.0952536174485979
0.0733986495850678
0.105165731484328
0.083351803607319
0.0997832524113402
0.0806764379040562
0.0813164387395895
0.0792902055960842
0.0719772622291001
0.119158956934314
0.0904512275277864
0.107997873121738
0.0844100760202224
0.0787159510943271
0.0756888877075069
0.0853192912046711
0.0810638941733726
0.143577252050836
0.0765114152850781
0.0805185625866851
