0.0846185638559226
0.0571438978128667
0.0498633044010142
0.0539081847054899
0.0511807421322372
0.0584587607357556
0.0517340149825692
0.0513154206091445
0.0534484411607603
0.0659536880899437
0.0581919580870334
0.064593811500263
0.0520025541613224
0.0531642363286962
0.0440638094898962
0.0424790594744132
0.0518542249028447
0.0505138590115655
0.0611789995875518
0.0447360106417602
0.0570738882766127
0.051829707219922
0.053493529934112
0.0962475715493532
0.0478597651260617
0.0461392845143804
0.0460770869005465
0.0467714445908571
0.0588009621946729
0.04402900331532
0.0821600027810816
0.0548147062820887
0.0597731137103766
0.052101782721959
0.0483149619291443
0.0553049801072745
0.0491091327066353
0.0508644893561817
0.0462674152047547
0.0516327775925943
0.0760420958843636
0.0731881246439996
0.0490167177863217
0.0441265940251334
0.0459450321342805
0.0542593358394058
0.0469061249604471
0.0685084328017176
0.0494508567576788
0.0502778058818288
0.0514543467086966
0.0513287008873798
0.0482818622139629
0.0479055064236451
0.0965364395752146
0.0471464642667543
0.0778333345404625
0.0571349721466906
0.0578224446860867
0.0476162395270219
0.0546820645128678
0.0557348647740276
0.045569390449136
0.0522704281763114
0.0584523580812765
0.0658757175760319
0.0671186801595753
0.0603902130943703
0.0639166041167817
0.0476701228130619
0.0467807752863781
0.0510096969347277
0.0499991319766258
0.0471319259177988
0.054114242710446
0.0529691561907519
0.0470144931093632
0.0466119670216224
0.0430939776136712
0.0497452226357743
0.0440953095857869
0.0578626968741829
0.0479496901399107
0.0503364339710346
0.0486058346285996
0.0620755325719946
0.0498435652241328
0.057892446913227
0.057889998557236
0.05141324975974
0.0520366301153763
0.0526535233867209
0.0483996727795191
0.0500416709157534
0.058697598389805
0.0708426009217383
0.0508643259595426
0.0456544955820872
0.0469497879730987
0.0477469609656545
