2.328353546521
2.24198031370092
2.2769564780921
2.32373915820738
2.27440114080363
2.24164515381201
0.0545997157316105
0.0411961307916622
2.2819298057734
2.27349103054879
2.32338788355511
2.33348647034068
1.57260643246698
2.32388387550272
2.27375048050509
2.31898578743587
2.32071778769255
2.28039183698929
2.2786525920732
2.31353529833066
2.32069939232559
2.27764934056926
2.32009392021636
2.32984217322973
2.27776029300636
2.27797352293106
2.322111886392
0.0376905212771688
2.27999949935771
2.27494997072583
2.32229869057212
2.24350292923158
2.28451283631058
2.23418248711878
2.24055034075862
2.31809251026463
0.0481378739711108
2.27889451859036
0.0614820907883802
2.31294174698079
2.32094702273147
2.28402602504358
2.28182273289026
0.0401129831119271
2.28190822564036
2.27665374206159
2.31701776579118
2.31617125642456
0.0541434295650794
2.31562873997779
2.31929377807895
2.27765125148791
2.31958061721577
0.0837841941652121
2.27647970164156
2.2732839290193
2.31581359494324
2.27538197077076
0.0414952037904409
2.277614691553
2.23822632869324
2.33139120266021
2.31788893300446
2.32037119843467
0.0624121070613106
2.28137087780068
2.28772751091751
0.0618452607830735
0.0477974663262882
2.28241047054619
2.31815454887936
2.23485889675629
2.28085259745638
2.31765095299713
2.27884424250282
2.32577343259515
0.0530269026372969
2.32254503605067
2.32708683587987
2.31673087042092
2.33037143126264
2.27936928752899
2.27664007616899
0.0457595983646051
2.27629828999464
2.27622812580919
2.28229028978304
2.32452699963255
2.31795422007023
2.32939945927539
0.0411901730860142
2.32129746915345
0.0574154537609125
2.31804683476011
2.27849933440383
2.25818173848475
2.20249214639734
2.27237397118455
0.0461936421509986
0.0597621600644702
