2.51971373678368
2.41574648557667
2.26172044095023
2.57203089925606
3.39232573912158
1.66992414175671
2.46696849801525
2.23028652941368
2.63209023835961
3.25932898633598
2.71360951611742
2.40021389982847
3.14744700966259
2.14729991918748
3.7460434319447
2.65487719605573
1.66338556308559
2.29827374578024
2.8963008310341
2.70479791605993
2.26510241251648
3.93107598411893
3.50683243905408
3.91601107295388
2.6309928941395
2.74800619626252
2.2883527373056
3.74629943712243
2.18722654946982
3.33720979233021
2.33621792553132
1.98822873914009
3.15641211616909
3.25520656582318
2.45218332623227
3.25751583801136
3.71948900561388
3.43816169659236
3.18796370225184
3.77958737380657
4.04135420626195
2.29580020348481
2.81224723326194
2.24905264497994
2.42734660355687
2.83153410432687
2.32591925694242
3.80101653072833
2.77755010936589
3.47405483896081
4.26326410051893
4.65825830580983
2.24068763037872
2.00779520227227
2.3015192040169
2.32595135508879
2.27293544411422
3.00476901764906
2.29461859207883
2.75488852509322
2.65517566865203
2.85090005744389
2.47790588947021
2.79375993939792
2.21975253597407
2.51466968859192
3.74894503361096
2.16365607461646
2.25926144714251
2.39311076891059
2.3333201297505
3.73223382600685
3.50035595443229
4.18073059825699
3.79327029022606
3.21418136957054
3.87942778061348
2.9420858024267
2.30811509198673
2.22395272237373
2.31901804091843
2.77639432690008
4.08321376442302
2.83876541628826
3.22315025724679
3.04749694074499
2.47848471562583
3.71742906893338
4.27396906234435
2.64858682453404
3.04199741093161
2.25862742735893
3.33021699997951
2.99091651390002
3.31712115882417
2.90533286991734
3.41537746627532
2.79594537042588
4.53896749398293
2.54343701325935
