0.0125511981105848
0.0128929362224097
0.0133693502002079
0.0126780310843664
0.0133724672648492
0.0127095918766522
0.0123789103650813
0.0126861587268907
0.0128481542085579
0.0131345795287316
0.0130330064826755
0.0133922392563346
0.012344869342225
0.0128314864261578
0.0129135372519058
0.0125991837764405
0.0126680902005505
0.0129916066044857
0.0127325323363172
0.012712556584455
0.0125456203055012
0.0127672973740591
0.0128071592248278
0.0127188968490131
0.0130596773457863
0.0125776488451133
0.0130042084935504
0.0126789367350868
0.0131060955745315
0.0131997623524912
0.0133278970409094
0.0128993684274601
0.0127458319330471
0.0125503745179174
0.0126848794102068
0.012969998138826
0.0129299086646968
0.0126180109547149
0.012406941448277
0.0125819894593309
0.0127108254075239
0.0127833527199528
0.0133320981390099
0.0130532287974414
0.0126999953321842
0.0125914708868893
0.012839156065803
0.0131188513725138
0.0128791518958946
0.0130280692558256
0.0125718781382509
0.0130559626217475
0.0123017424484047
0.0134831032242897
0.0132421815283212
0.0129852001903212
0.0125409563241397
0.0129359054124052
0.0126707732727402
0.01278793661844
0.0129192712436763
0.0128167907295549
0.0127593757041777
0.0131780109405757
0.0127711638871146
0.0132350014763483
0.0130691941900709
0.0130157616792403
0.0129173825367286
0.0132457929772376
0.0126393625356374
0.0128198017230883
0.0127887063856582
0.0130176608058878
0.0127457504303945
0.013301712007314
0.0133801137001679
0.0125004383359828
0.0129095100387353
0.0132339087387268
0.0128098015501878
0.0125372053256332
0.0131045321570982
0.0129244540824869
0.012701505792043
0.0132249938773672
0.0132589609399507
0.0133262629962474
0.013165317487541
0.0125390116699919
0.012803908777961
0.0127718767103064
0.0127129521485054
0.0127077896715777
0.0134757390397671
0.012731787684005
0.0127359121509765
0.0126491899036525
0.0126396819839628
0.0129353118332576
0.0124788529138804
0.0135617878758274
0.0128038694501522
0.0129387648557826
0.0131128495739354
0.0127106539098154
0.0132066170193177
0.0131460047873959
0.0129793257943396
0.0128918897248749
0.0125245874885189
0.013113975311867
0.0126162414625663
0.0124503230277946
0.0127458581592719
0.0131232011769928
0.0130405396695368
0.012920203503956
0.0123076545264547
0.0127452516597604
0.0129193953466535
0.0131731890374494
0.0129966292769321
0.013639719027476
0.0130596571644779
0.0125081820768242
0.0129106719059489
0.0129435713522341
0.0134537577312743
0.0128840860636403
0.0124951115870309
0.0128509231924678
0.0126756275454691
0.0130098848432398
0.0130968867323329
0.0125460609563215
0.0128366781522329
0.012689935178267
0.0129163995258217
0.0134514044127776
0.0132024655487206
0.0128715014283263
0.0129250399802906
0.0129384012572573
0.0122672308746321
0.0127181212994159
0.0129521132943282
0.012649887664447
0.0129246180748646
0.0130417233373457
0.0130002787244412
0.0127336836519409
0.0128054798746957
0.0129947603443861
0.0130541822771755
0.0128099235364358
0.012613828392364
0.0126828622718775
0.0131307321994458
0.0123473114637525
0.0126326902990881
0.0131769900545506
0.0125963441330983
0.0128404559736841
0.0127192838307786
0.0128097278885162
0.0127013445381896
0.0131486594786552
0.0132158089218499
0.0136809110448672
0.0124179977704364
0.0130198086288287
0.0133840683514095
0.0129426026997106
0.0126316205224102
0.012803128462942
0.0126829304657325
0.0127745847304341
0.0125658235058614
0.0134839922180143
0.0125513682394012
0.0131182359468169
0.0124926228499305
0.0130741423409957
0.0125515046492142
0.0126736394736993
0.0123430566560896
0.0125168514577989
0.0131487911538439
0.01289555468895
0.013411105972216
0.01259372019858
0.0129960792733506
0.0125934474503799
0.012983840400653
0.0132536644406276
0.0125656197369521
0.0126964199088464
0.0131584372088713
0.0128648480146483
0.0125275371431242
0.0133775928340192
0.013015772205772
0.0128030108061605
0.0129872860027391
0.0130443298431904
0.0128245421591988
0.0126474443475486
0.0125597609980825
0.0130403555231149
0.0129795315712997
0.0126421528713359
0.0129484914084508
0.012891886079692
0.0126516077002061
0.0124845047028548
0.0130213705833289
0.0130556099114427
0.0124886349951436
0.0130598429968325
0.0129056209272254
0.0128470870602082
0.013101835548452
0.0126390740522806
0.0130372580390552
0.0132094968379506
0.012940779131174
0.0125658676876985
0.013018527119524
0.0131594634537662
0.0127741852678829
0.0128175841398672
0.0122698046896705
0.0126735781078988
0.0126348205993376
0.0134592625813057
0.01264584468278
0.0129624823875107
0.0125351561206719
0.0128335985023154
0.0126811946565065
0.0131722255878592
0.0126749876122048
0.012999397446708
0.0129095305055369
0.0128757873552665
0.0131527211438995
0.0131638268856598
0.013030286135107
0.0133150889374309
0.0127552235747002
0.012623005264
0.0126458915249577
0.0129024719462258
0.0125757617838
0.0128725679924666
0.0127092508008408
0.0127682270434277
0.0133815380940259
0.012657885735339
0.0128636733626286
0.0130642422732704
0.0130912811419001
0.0127793528177971
0.0131888956342974
0.0128644918912508
0.0127938539751373
0.0129972812453116
0.0128712647466931
0.0130583843368897
0.0129916602823368
0.0128008814184806
0.0130393922513172
0.0129167178782728
0.0127449027445818
0.0130382659837462
0.0128789172914969
0.0135550158341933
0.0132645844756696
0.0128176737579202
0.0132124236282363
0.0132654705092405
0.0132797909906115
0.0123735090947636
0.0133595471959431
0.0125819027719416
0.013043937095081
0.0123377712467418
0.0127735775610371
0.0125120956589566
0.0125655199011168
0.013463642338605
0.0129478573008604
0.0129677564545256
0.0127942512371968
0.012570630760651
0.0127746051579283
0.0135014332596441
0.0125245163253782
0.0134002335535894
0.0128338598590001
0.0129630831747543
0.0130237086730238
0.0128546233629014
0.0129716099359585
0.0124662809624883
0.0136280036821406
0.0125289712752876
0.0124211002046932
0.0127601904300623
0.0130069515928855
0.0126589400892259
0.0128486253211755
0.012621003386138
0.0127714744469363
0.0128371869965407
0.0132152349256347
0.0129592585340226
0.0127185911270806
0.0129212803299132
0.0126809045596334
0.0130085053515794
0.012858747435496
0.0124274208834001
0.0124447378006698
0.0128181977205604
0.0129203537065572
0.0129758482117652
0.0122014826102481
0.0128674398612607
0.0130950642023795
0.0131626395809821
0.0130399735053839
0.0129848076813472
0.0132561369638873
0.0130979896984755
0.0133666605608929
0.0129286247453673
0.0130231510473928
0.0125527533473524
0.0129932285595546
0.0130643464885682
0.0127679860833998
0.0132343609331234
0.0128870299339439
0.0133123064620682
0.0125525616793584
0.013701505268735
0.0129749456521873
0.0128483435181039
0.0123185714022607
0.0129447665802016
0.0125803017519341
0.0131151389968749
0.0132342713010281
0.0125897119706186
0.0128699533150499
0.0129789354358241
0.012806017845298
0.0127461754105698
0.0129248428855164
0.0126330395845262
0.0126515048836915
0.0123846068529738
0.0128872874619621
0.0127753224996687
0.01268868327942
0.0132959776631121
0.0130517052772257
0.01272201466913
0.0129107109365549
0.0127184271183804
0.0128240816419516
0.0127896049772058
0.0129882726627339
0.0126414454329258
0.0125216311124859
0.0128777540320741
0.0128325461065799
0.0127633867344721
0.0133398329466343
0.0128493252413291
0.0131592685867603
0.0127117465659035
0.0132567592650983
0.0129156220526268
0.0127616540945628
0.0130423105494957
0.0128357352270416
0.0126964356719394
0.0129897454133019
0.0123554509832273
0.012844060725455
0.012914444595775
0.0130012220325399
0.013089715797999
0.0127793454695646
0.0127279718361599
0.0129784378484239
0.0127373965007753
0.0127842868273542
0.0124380390016314
0.012774079042013
0.012523314333774
0.0127775911759342
0.0125195228288866
0.0131296223746284
0.0129328811580558
0.0125531485389034
0.0130016121571859
0.0132678838694176
0.0126937121832389
0.0129538763985551
0.0128958050305272
0.0130838489391809
0.0132441619084813
0.0130988606103011
0.0123893559725075
0.0127369124938164
0.0123618799148988
0.0130533121843892
0.0127835361511297
0.0128181404695806
0.0137417428615165
0.0133185173797619
0.0129481055995853
0.0127247907018202
0.0132425569655501
0.0130359052996321
0.0123524382709572
0.0128372095891358
0.0131983509360609
0.0133447954076757
0.0126753348721531
0.0125968076370127
0.0130312534003885
0.0128570671450949
0.0125614531546223
0.0131049356878568
0.0127520766734064
0.0135621604700107
0.0129571896726643
0.0128035088382195
0.0129113138409966
0.0127334015783194
0.0130393586294344
0.0129993655343317
0.0130331787329676
0.0129994854164794
0.0125438820318204
0.0128443495551794
0.0130259008293458
0.0123196219428841
0.0127805809606411
0.0126737808490158
0.012782197847379
0.0125344974643247
0.0129638715691678
0.0128428212402782
0.0125963186510096
0.012899882016524
0.0128423106200743
0.0131879654330249
0.0131719068254219
0.0131916933665728
0.0125643651833576
0.013056178920033
0.0127189725168817
0.0129919142940274
0.0127136767288794
0.0134508924342107
0.0128155593153871
0.0127224019265677
0.0127908215995267
0.0130055390200801
0.0131463431899079
0.0127040770983966
0.0129563230061791
0.0126969612821111
0.0123490019028507
0.0132480349997928
0.0130708262192745
0.0131270164234978
0.0125775204237162
0.012959542675498
0.0127905255297796
0.0131596251699002
0.0127755192533572
0.0135413255899897
0.0131267684092602
0.0133692958292801
0.0130796262195654
0.013066289629585
0.0132531050987292
0.0130060491261317
0.0128586870469078
0.0128571894871363
0.0128218954358241
0.0129366807716975
0.0129708934248669
0.0135632533629058
0.0131353807405565
0.0130262397812981
0.0130821542301942
0.0132333763030126
0.0129565022472999
0.0129997534791142
0.0130742357514344
0.0129664568764809
0.0130803050296826
0.0129120883033105
0.0129099940560811
0.0135230664368968
0.0126901953307865
0.0129868555615067
0.0125032626859032
0.0128743571426313
0.0130737385257251
0.0127545225850907
0.0130393201279673
0.013108965037931
0.0128920667382231
0.0125590131975299
0.0131776114225346
0.0129622068502178
0.0133565674695566
0.0128074613657212
0.0123779005325319
0.0127462992242522
0.0126805493040545
0.0122912804172655
0.0125222621253973
0.0125231098998202
0.0132076659824383
0.0129740341489457
0.0127512208726661
0.0123326272291775
0.0125745699080282
0.0127712733334633
0.0128123482461866
0.0124122233345203
0.0127226118459174
0.0129324749749569
0.0129786782312382
0.0125137668432878
0.0127638325679362
0.0126078659565336
0.0131096571591212
0.0125636972794452
0.0130576342171127
0.0139298629506266
0.0129457799088992
0.0126695048379459
0.0129780213052999
0.0129636138383438
0.0131202926131126
0.0129539467291344
0.0127239136551309
0.0127124237239467
0.0129130957724926
0.0125100395736057
0.0131839435929453
0.012621869944303
0.0123103525124095
0.0128074574319599
0.0130190821625584
0.0125551368245471
0.012439197904726
0.0130737379003143
0.0130132741163589
0.0131904351809373
0.013038536523353
0.0130021054730232
0.0129392908990238
0.0129049042334894
0.0130597479976571
0.0130382990660318
0.0128880941307925
0.0132954570811823
0.0127865860991045
0.0125051589763956
0.0126502518328688
0.0134629478812009
0.012754337368641
0.0128056328946156
0.0130097029606433
0.012669074535737
0.0128789480074312
0.0129330715522975
0.0124613732739696
0.0131471943550749
0.0128655478109378
0.0129236813873861
0.01302365354574
0.0128497480611756
0.0129249868513817
0.013000225725845
0.013461529989603
0.0128566907013379
0.0125791535955229
0.0128954755476758
0.0131753270383745
0.0129918203885535
0.0125904480251193
0.0129641926147277
0.0130626697286442
0.0128621918258793
0.0126245780328149
0.0127274614634794
0.0129762027270455
0.0131315356254906
0.0125094066657547
0.0134364054991174
0.0128637606717215
0.0125161500403981
0.0128155354332558
0.0133071869836272
0.0129875853537267
0.0134817971686831
0.0133056165519536
0.0128477385530312
0.0130138361486047
0.0130336723611206
0.0128292167452384
0.0135367180947197
0.0129508103997173
0.0127994805783482
0.0126507615679539
0.0125389541921515
0.0125606487882548
0.0128642272238912
0.0130554997876695
0.0129937165858147
0.0128103270287756
0.0128868982086172
0.0128479733416058
0.0130022999487163
0.0128506120326974
0.0128535354343324
0.0127337309840425
0.0127787810557092
0.0130156285571803
0.0130120177922251
0.012851206487589
0.0126529686443908
0.0126668706970112
0.0128436800557961
0.0128013196518553
0.012642937434082
0.0130346582170862
0.0128299043539692
0.0131579906969024
0.0126163581003507
0.0131062918596776
0.0129364713585258
0.0126617749691236
0.0129102636341181
0.0126012324348508
0.0128250734370972
0.0126767376502286
0.0127567541583384
0.012483376829834
0.0130320637736481
0.0129465768304609
0.0131519940995266
0.0131364986232434
0.0132109313662832
0.0127637446035995
0.0131999664758744
0.0127806832355359
0.0127164935788631
0.0128495975339746
0.0128114982023042
0.013171595701817
0.0125941641037575
0.0129479756179101
0.0129031350676809
0.0127416192732599
0.0124763973918436
0.0129442989304351
0.0131106184427501
0.0129373122233816
0.0128190896824958
0.012667047936036
0.0125905975572892
0.0129314410144756
0.0129802654292761
0.0129343663925983
0.012750332023644
0.0129537311589887
0.0126435363013511
0.0128489887567345
0.0130085505658915
0.0123260852873603
0.0129308770350993
0.0127975885456022
0.0126926449981197
0.0130875675526581
0.0128023846498106
0.0127964327664734
0.0130744833241563
0.0123805807146806
0.0133277094198083
0.0126078881528686
0.0127044348419467
0.0124267628879473
0.0125363230271458
0.0133034898314357
0.0130792934322559
0.0129712166419238
0.0128747618522949
0.0131779871497351
0.0131563452487466
0.0131082962911855
0.0133198405790833
0.0130945511605025
0.0126686846408277
0.0131373357296272
0.0127408307029115
0.0133069828424353
0.0127150279927379
0.0123691918201381
0.013101550219881
0.0133083884325083
0.0132567386282378
0.0132133160423935
0.013014291914077
0.0123181195550504
0.0126559788201706
0.0127812320015275
0.0127750587653164
0.012698102910278
0.012753863269592
0.0130970171844658
0.0129907849185407
0.0126533410652911
0.0126169737727688
0.0125469690299689
0.0124402925521017
0.0134506260473486
0.0126236781868847
0.0127512799077878
0.0128556464218899
0.0128867648277553
0.0129765930787962
0.0129134532207031
0.0125911902254556
0.013035547111395
0.0124997088614445
0.0124562657478913
0.0125914890239611
0.0128990380048797
0.0130084833174868
0.0128387332597866
0.0129114583011998
0.0126178061780788
0.0129880305840286
0.0129451493797521
0.0132066477070494
0.012741786524912
0.0128420348845013
0.0130868998054148
0.0129741975049233
0.0127687029370713
0.0127785952093966
0.0129078723324823
0.0133351631434202
0.012472355352928
0.0127015384151894
0.0126676023012226
0.0134029058006699
0.0126011126434797
0.013318344482131
0.0128902783853788
0.0129359419054622
0.0134150705882563
0.0128029799431471
0.0130064316899969
0.0129135506171967
0.012470989003476
0.0131390597499326
0.013505062711934
0.0127231080637329
0.0129131302258303
0.0130156785082542
0.0124790250254427
0.0131702062890955
0.0128774873495083
0.0129486613225902
0.012387083223204
0.0127864716667747
0.0133433292863343
0.0130836708465822
0.0129929376731983
0.0129468095876284
0.0130784961581922
0.0124521714463701
0.0128153754120157
0.0128429410993058
0.0128547976775339
0.0127509344507857
0.0133347365325283
0.0126204272491581
0.0129256598502647
0.0134315774627412
0.0131318156477769
0.0129466135416827
0.0132097604436807
0.0131781099811252
0.0129474704882304
0.0126435185207274
0.0125787806783475
0.0130106283946179
0.0127970285341812
0.0130129004618275
0.0130410090715154
0.0131441213545878
0.0131121910380598
0.0125853043586699
0.0127679223099262
0.0124899207447162
0.0128037818685918
0.0127319609997194
0.0127444270783386
0.0124136789595309
0.0128574411846478
0.0130359174975527
0.0127947937098631
0.0133945054253755
0.012429950637326
0.0123837865623779
0.0130506371364882
0.0130619013811515
0.012937561338408
0.0124730634438004
0.0130951080683954
0.0130279017093742
0.0128817505634633
0.0128268705833774
0.0129276569709333
0.0128886571343478
0.0124544769919009
0.0128311910812393
0.0130549924828305
0.0129041941168171
0.01287141832918
0.0124657190607258
0.0127669147714102
0.0131063332744106
0.0125738478617805
0.0128815195764316
0.0128511038891594
0.0127081292108449
0.0127846529669235
0.0130094815388373
0.0128803147203544
0.0128279182612545
0.0130419902514147
0.0128998658876858
0.0127242018840981
0.0129985990935286
0.0125873550570927
0.0126289055592308
0.0125172772824875
0.0130742987337031
0.0126840292998454
0.0130341586283822
0.0124795711327599
0.0132961707390447
0.0125530301694299
0.0129258735060618
0.0133424188109943
0.0130452066251256
0.0130468313766343
0.0126671283003732
0.0129237178008577
0.0134235992704848
0.0125318521191244
0.0126766825180489
0.0130397254325127
0.0127204968332979
0.013283922659552
0.0130966822734411
0.0131834978742078
0.0134177660191601
0.0130768808358315
0.0128528038936488
0.0125799383059957
0.0129985906008847
0.0132808530988615
0.0126865262868867
0.0130490704325208
0.0127715489399782
0.013059610392868
0.0128791346537771
0.0131046447416387
0.012357964934349
0.0130678096851584
0.0130082383269412
0.0133906872763689
0.0130824482918155
0.0129187495122181
0.0124537220273495
0.0128991996949728
0.012993833781251
0.0123473777648113
0.0128535379747832
0.0130524448342062
0.013198372848602
0.0128783637291559
0.012951038933287
0.0124357576259606
0.0131730945696589
0.0133313786796578
0.0127405256977386
0.0129875714338128
0.012962318961085
0.0130599902130939
0.0129396484980469
0.0124975769114111
0.0129954948566684
0.0136708253287461
0.0128657779659722
0.012727931704795
0.0125288849063079
0.0130312108606843
0.0128818088760214
0.0123751400749461
0.0129459991881624
0.0123592377373756
0.0128101514001824
0.0129974748256978
0.0127667038814136
0.0126569493758006
0.012951377902259
0.012840161054773
0.0127283307658319
0.0123984084075157
0.0132313858316235
0.012744445514639
0.0131213627599795
0.0125681187252173
0.0126996397157637
0.0126497113595623
0.0134956802873061
0.0126199660454136
0.0126977581336831
0.0128459302644293
0.0127105184446268
0.013185945357197
0.0133945178339225
0.0128824701749566
0.0124064310274823
0.0128568047164705
0.0128590977776379
0.0129516902379492
0.0126807384135497
0.0126992901901324
0.0132596655752724
0.0128353400064631
0.0133859570102848
0.0132269141537291
0.0125292043601868
0.0126062928073716
0.0132008408425555
0.0131437233549774
0.0135375309012373
0.0130271041201007
0.012495051996829
0.0130821099280058
0.0127946459764068
0.0129012819228024
0.0130107779137649
0.0129358007757121
0.0129036779145579
0.0128398740129942
0.0129095327629665
0.0130203600934182
0.0125268047832432
0.012792547182966
0.0131477716201425
0.012912235252869
0.012858246842371
0.0129863599474513
0.0129257130492249
0.012708313644701
0.0130189809780852
0.0129696582693648
0.0124777058835603
0.0131530868953236
0.0126929715383826
0.0123962715295989
0.0127620377579367
0.0130862129364693
0.0128283428809755
0.0133229514349633
0.0128627319637415
0.0132873743268622
0.0131169232341701
0.0127214537010492
