0.0336467756807892
0.0371590332119843
0.036069939005776
0.0348066361561
0.0382952255347782
0.0358154353683017
0.0347901017659048
0.0372971469018938
0.0329286370761738
0.0351705058871641
0.0338944207222281
0.034887012487706
0.0349694384184065
0.0364208578554708
0.034911948551025
0.0342173463313752
0.0356879940711835
0.0363090055376726
0.0347681773296982
0.0343741551399187
0.03501647565462
0.0330591233935615
0.0356235547757313
0.0344257389935599
0.0367431825458169
0.0352993575567727
0.0364305608017698
0.035023866430814
0.0364820702870882
0.0345526844260845
0.0337371542315272
0.0362967555188132
0.0334688726020598
0.0350661244473481
0.035310343014663
0.0347826429699678
0.0352346721631971
0.0340621977861277
0.034503955094363
0.0347600465936309
0.0342230519666921
0.0368781902598807
0.0368364725114392
0.0378312996836093
0.0350562979371722
0.0351825235242603
0.0352354144064573
0.0371518462007182
0.0336941387582916
0.0342137110776137
0.0361853543041941
0.034547954721612
0.0369517519487299
0.0356792848694087
0.0339084351646265
0.0357691235785819
0.0345528149609252
0.0333805907645495
0.034956020573441
0.0370196464353838
0.0349379206500936
0.0373558802039126
0.0371433956950283
0.0375147049824758
0.0351191541895195
0.0362747772071353
0.0345664150528586
0.0358712156254563
0.0365177093535464
0.0368142546088671
0.0365044915116285
0.0367504022653076
0.0335385085806664
0.0379536175634512
0.0345151842647362
0.0352977152446201
0.0338926329444074
0.0359205993129338
0.036895329646228
0.0334503032956297
0.0327718730351437
0.0358069678867383
0.0331025098469011
0.0355616217636232
0.034985141421484
0.036522610671489
0.0342975345708666
0.0344114085592895
0.0331742866175481
0.0359016927214258
0.0334079046823298
0.0362597464020592
0.0336989645571141
0.0343727660578993
0.0362219534425789
0.0366927649164517
0.0357900697766561
0.0374779120347623
0.0331436877111276
0.0376722392556224
0.0349533017006349
0.0333788050178523
0.0349950821713649
0.034556623486686
0.0354020286450185
0.0371827163813584
0.0329278736128307
0.034061659235471
0.0364441872831749
0.0362436820083701
0.0353578338581861
0.0343345640505009
0.0323956527229161
0.0333759376531845
0.0336951565902819
0.0355063571999616
0.0327880276731304
0.034640630903124
0.034546173688408
0.0344426409760735
0.0365523608010722
0.0347109107204537
0.0385009941056709
0.0359606831368023
0.0362953300864937
0.0340622722754309
0.0353669184505094
0.0334113632399026
0.0359837977325523
0.0330285347911743
0.0382774842214531
0.0372596391766308
0.0371537338902019
0.0348572112088965
0.0347270935971917
0.0347510208848949
0.0364445705248935
0.0380045777797411
0.0368972881383306
0.0357319311804513
0.0358233789909258
0.0319492128233707
0.0349590995481859
0.0362669200127339
0.0358739758743928
0.0347416369347594
0.0348043312356511
0.0322644151751966
0.0337320141884212
0.0353187748841027
0.035494173849248
0.0368204581451821
0.0356160132832281
0.0359931216490549
0.0342159486250058
0.0350999737125007
0.0351282207652314
0.0343157963505956
0.0350335396605447
0.0349494698564921
0.0334070286743048
0.034067713851862
0.0364759327846256
0.0350131785728539
0.0363903072596828
0.0374514555145018
0.0325956978549776
0.0365976159138396
0.0383674117149132
0.0342802561665176
0.0366244452898592
0.0348317839684724
0.0341973978575935
0.0349950818745427
0.0336623105944553
0.0379447398434107
0.0359034266391107
0.0363438455886406
0.0343553972341375
0.0345351237361984
0.0346659406690919
0.0342904786485593
0.0371932878562325
0.0361114215944319
0.0348304689724036
0.0336633471064848
0.0335079344599679
0.0331970507032615
0.0363984138467045
0.0373787704849688
0.0381852674467207
0.0329116787089349
0.0352489645973658
0.0370595456582139
0.035955990022392
0.0371985246329362
0.0375277994161596
0.0355180529041687
0.0340020084515982
0.0328079207364095
0.0352899180609761
0.0371512754047395
0.0350333099333433
0.0347433751012641
0.0351308297433076
0.0355106012390826
0.0374819531304489
0.0366883781325054
0.0337105245148651
0.0353544711944219
0.0349984390252127
0.0363478440142722
0.0355645207716619
0.0360308918639808
0.0358134590877845
0.034522267097013
0.0356864343479603
0.0378385201473806
0.0367002344371991
0.0382415081334578
0.0334629413127218
0.0345517998152171
0.0341389474274008
0.0354010722961827
0.0352020337054666
0.0360388882408836
0.0358382548910492
0.0369515626485012
0.0348092876608627
0.0355600745740434
0.0354054184677425
0.0361554935437272
0.0365234590527609
0.0332001271294264
0.0348100491785828
0.0370333351523376
0.0327485133049692
0.0348479398474558
0.034902839857447
0.0360780121150949
0.0363480715123209
0.0369741789921089
0.0340069477205999
0.0361561542880203
0.0345903658512891
0.0371855632768902
0.0375752557549153
0.0338845108949649
0.0359106435964911
0.0356149813023051
0.034759899145111
0.0336200853962217
0.0368715116201941
0.0375401130265788
0.0350782115085859
0.037220049981299
0.0350415652847644
0.0367332160969372
0.0353040833418516
0.0359798295789303
0.0341656394723446
0.0369286296212487
0.035185236341601
0.0326178148482046
0.0351683753715164
0.0369560737117647
0.0366621971462693
0.0348190206334966
0.0348479568635579
0.035098995488745
0.0345659746833039
0.0357124541721363
0.0361397086361447
0.033302063577799
0.0338386000411505
0.0338129841304777
0.0354194317881471
0.0331745739350962
0.0343430172480459
0.034413196535696
0.0344323747171665
0.0344279519313165
0.0332772649171196
0.0367189094103404
0.0350158426855496
0.0345495275869516
0.03419190163917
0.0366586981405889
0.0352717806973379
0.034366310940799
0.0356224347813873
0.0339478711163134
0.035763423767096
0.0361802919141232
0.0329375034841095
0.0335577598639473
0.0345054090630662
0.0382126427540168
0.0339920283480641
0.0340436971847513
0.0341475828285221
0.0366658614451946
0.0357209593354297
0.036024396370879
0.0330131399726061
0.0318365218030454
0.0344257349965159
0.0344602394194232
0.0341814603518321
0.0340270318834784
0.0345557478365066
0.0346716100401245
0.0340667121839793
0.0383507102131952
0.0369468715054633
0.0334482171010283
0.036347944913333
0.0332428627839048
0.0356572506193062
0.033073999700677
0.0353978435508642
0.0352212120906459
0.0366195780856639
0.0357949960154671
0.0366608053641286
0.0363475577371639
0.0348298003849488
0.0356175955405578
0.0349629407448784
0.0379836127822969
0.0360337895038335
0.0341829849075213
0.034460991044009
0.0359651536108342
0.0342305552289095
0.0349404246004791
0.0331358358332913
0.036871257817758
0.0360497290720898
0.0361494221127895
0.0343253297165447
0.0342120689290748
0.0367759553954828
0.034948929778549
0.0367194087584948
0.0344924231686861
0.0349122499023438
0.0336596530992943
0.0374441470824478
0.0347350690467694
0.0344869909210834
0.0332333474214799
0.0360348210747513
0.0355237987096014
0.0340907284200582
0.0356487134042525
0.034439826974587
0.0345226299399357
0.036817019331577
0.0354341391388613
0.0339844514112493
0.0363865651030694
0.0337115446374326
0.0353882875740814
0.0345293621505831
0.0380112753755307
0.0368132429118055
0.0347009851669852
0.0337272459464161
0.0359186843668643
0.0366165727839152
0.0346802396944459
0.0359482202302364
0.0358931131057882
0.0347418226421916
0.0349348370783824
0.0347064549583038
0.0342402044123497
0.0368445675228423
0.0361082361902557
0.0357504613732011
0.0377198335217235
0.0372758929403573
0.0351795359959864
0.0359045365651393
0.0354473238727091
0.0356133520298015
0.0338850304560586
0.0382740759843585
0.035751996305452
0.0340658773797152
0.0364417671606452
0.0343865549174776
0.0346420689000995
0.0344172386064375
0.0378407254329693
0.0349134849902145
0.0341315019647039
0.0353162918318896
0.0340490522637777
0.035826219879761
0.0352139398954726
0.0326231044639856
0.0358764798911365
0.0334588429072217
0.036051397397536
0.0358203427252919
0.0347064839558953
0.0375477977838599
0.037104200553485
0.0354052701918306
0.0319232578701822
0.0330876999913851
0.0323900778634261
0.0360264500085021
0.0343011947833624
0.0364341507635164
0.0362105796870585
0.0344686470742623
0.0343200065023369
0.0350447084622332
0.0353538164562467
0.0333790310702192
0.0341642349229845
0.0346835436792732
0.0341526770824545
0.0357256535876379
0.0331141054775982
0.0352039853212895
0.0353716919505134
0.0330458028002882
0.0334886611340881
0.0345565304416781
0.0329274701747609
0.0376133131709376
0.033401493408848
0.0369410709303145
0.0340693570883052
0.0361675196539727
0.0348131984830582
0.0345554214607581
0.038935299558122
0.0367277563911783
0.0349783705729054
0.0373694860162846
0.0351910263307562
0.0358204386977271
0.0347010693036279
0.0334552124675268
0.0350317794201654
0.0354205427085833
0.0353151427748696
0.0339248255508484
0.0327217180667893
0.0335827590049826
0.0353668758974981
0.0349849584290733
0.0342279106804743
0.0335731871293836
0.0365977609383844
0.0334868837404134
0.0339910210245998
0.0345084369963934
0.0367785936634548
0.034961341032766
0.0366283665120851
0.035288102467567
0.0357326365161822
0.0349646211932803
0.0369294054777543
0.037135673761609
0.0361764595019625
0.0338922972906115
0.033604955302604
0.0354121590038984
0.0360568841762247
0.035903634189131
0.033682543329823
0.0357334111855545
0.0345735565326394
0.0335125557716774
0.0353921405289143
0.0359220980986441
0.0360377080577706
0.0360456495727023
0.0364357641254024
0.0359459669193545
0.0356917534731984
0.0356373745412852
0.034512070332139
0.034868793310286
0.0345697949707662
0.0357387138300037
0.0348704214892394
0.0382999270712689
0.0339531969986581
0.0361772433915809
0.0316503178265639
0.0369659367266392
0.0331742284013242
0.0357105230903936
0.0365432039836887
0.0372130184864126
0.036497769347741
0.0353737366755053
0.0368844665975337
0.0389773955354675
0.0366973847864737
0.0344611693822537
0.0363255544693517
0.034550268866716
0.0325880745235353
0.0345374175735769
0.0347472333777599
0.0336303749193885
0.0348257617507161
0.0339391346660859
0.036250186673191
0.0345907538708077
0.0333588680668494
0.0337954929994974
0.0343191415114324
0.0376142755497785
0.0337932439277562
0.0338060072916949
0.0330956592706717
0.0351525233325659
0.03697229248298
0.0362852910390273
0.0348388174100014
0.0373186795530082
0.0354230484201138
0.035706175090131
0.0371915231508961
0.0357777029017864
0.0338761856145334
0.0365209160811476
0.03661325925766
0.0345573447802534
0.0371231670044704
0.0381581598322107
0.0349671925039684
0.0384366606736624
0.0342698543517893
0.0352927242463674
0.0369088877008281
0.0340992032834626
0.0366085726427092
0.0352207707096106
0.0354629297437673
0.0356022671081428
0.0368774159644161
0.033512030982758
0.0330667554935493
0.0331730515459147
0.0358714872510548
0.0356233889989989
0.0350003687641313
0.0353276825414651
0.0351299643638679
0.0370361715589809
0.036326534315778
0.0371300495184943
0.0363568566561423
0.0350835513419643
0.0339826197772515
0.0331374180815821
0.0336219930832382
0.0354824360713913
0.0359964663278589
0.0370241631273932
0.0333046416743846
0.034676784479987
0.034499855444288
0.0336016094164351
0.0343082952285129
0.0362958990386555
0.0364049401230263
0.0352765073630377
0.0358888538528417
0.0360313652640154
0.0358311936446561
0.0369084221297217
0.0332214536246297
0.0371445277399632
0.0356002551170039
0.0334003379701892
0.0352773416370831
0.0358046211636757
0.0368040472787643
0.0323461840687518
0.0377538139363016
0.0368807590177184
0.0345610882994792
0.0346176080057826
0.0349034381225843
0.0337784355945352
0.0332056790044772
0.0382218543162874
0.0381626417795352
0.0355829380331613
0.0334543455612982
0.0331667301731111
0.0336230922586658
0.0340661625810208
0.0348297550861313
0.0352610500020102
0.037541106277227
0.0365161012999976
0.0358865970349266
0.0355172224340776
0.037898915135367
0.036347557524772
0.0344073784796958
0.0354716654452505
0.0357493587309449
0.0334107440173204
0.034648531123011
0.0352087568012631
0.0348155072166008
0.0362307381770474
0.0366525722950155
0.0384489800795428
0.0351913674818797
0.036370228921384
0.0351910793588388
0.0338155373634932
0.0361991637252719
0.0382155853963219
0.0370125408187736
0.0363351950727687
0.0355422634453424
0.0333990038998143
0.0335884533739733
0.0337625956061133
0.034860211938175
0.0347764580028294
0.0350776483663444
0.0358243662758125
0.0346107827599941
0.0348115392831004
0.0355631298836042
0.0384161727210915
0.0351015135599273
0.0360790800104374
0.0323857766411926
0.034463076638755
0.0353730428352297
0.0374067919048425
0.0356594738234118
0.03316787827205
0.0344251242722755
0.035193879344276
0.0362786927221459
0.0328732360212507
0.0336574648912324
0.0318212337787395
0.0354360739821796
0.0371020767355323
0.0357732219921892
0.0355172561622047
0.0370250212637856
0.0354668801093065
0.0363806333429727
0.0350367018897535
0.0368457281180384
0.0343861121374682
0.0361486232860645
0.0358824441057822
0.0341701974204545
0.0364092993704621
0.0360802216221866
0.033552445542286
0.0341125646012562
0.0333347594797508
0.0359501321259436
0.037181355737598
0.0364778188308965
0.0359329619217781
0.0360843982027733
0.0328336079014944
0.036537513288991
0.0354488700792484
0.0361047657700084
0.0372611959111601
0.0348144524296661
0.033701248483564
0.0339210589573492
0.0344743114995811
0.0348142202827301
0.0363083408149992
0.0337330963810785
0.0358832249415451
0.0338709003373989
0.0351406738365699
0.0331596318472198
0.0336082836171308
0.0350144676186985
0.0361081406825244
0.0380005396923772
0.03432295634434
0.0370165350217855
0.0351577935895294
0.0352432739701196
0.0351774565001903
0.0352784302099032
0.0330767346765224
0.0328817614520387
0.0328714209072491
0.0334273402760401
0.0354891138086375
0.0348983679619143
0.0338734197818902
0.0357183463344902
0.0337250367913593
0.0365479585824532
0.0347203728486793
0.0342488872196136
0.0375407690765084
0.0353050455820534
0.0332218579192497
0.0353960584859555
0.0349121202472966
0.0339977150919103
0.0338663150310874
0.0321420623759759
0.0368424152205055
0.035091318043999
0.0340178088800533
0.0319372422279093
0.0358556634837913
0.0336831701811739
0.0375195737246742
0.0345210793166721
0.0355541140984718
0.0364730691701786
0.0367112731770783
0.0360849263524626
0.0353873466517692
0.0352781904626855
0.0350944469686056
0.0341051681042873
0.0332905969831114
0.0349522868902548
0.0334125513496866
0.0370250196121632
0.0355139744800446
0.0376124264001456
0.0368109170319096
0.0368282573685508
0.0354180301141216
0.0344087755304835
0.03529101186561
0.0352785440051244
0.0357036786325241
0.0374940359193099
0.0340475950967962
0.035353108400642
0.0348623907774994
0.0346115620698267
0.0371764322852788
0.0328982566180253
0.0360186693852215
0.0342489211640201
0.0353276474670708
0.0374507859737627
0.0380280499619535
0.0348448898689961
0.0341431983741143
0.0359914651284894
0.036491020558027
0.034200374860213
0.0361760492362645
0.032595392408861
0.0349532880664353
0.0365390538398103
0.0351393284214353
0.0334122545608497
0.0343762096666184
0.0320221691081356
0.0355672406523942
0.0336459320264955
0.0358195338881488
0.0349771161473437
0.0336169131451266
0.0331795647115943
0.0328243392868491
0.0370491993450146
0.0346445811481509
0.0355556942844394
0.0371978744065671
0.0377472424966406
0.0366807791670021
0.0365931737435902
0.0351416254408596
0.0356425562726564
0.0378845345611003
0.0351093324599301
0.0355401945784587
0.0357407869132181
0.0365645316169078
0.0357097904139613
0.0360903319025324
0.0356787410142563
0.0343425261316906
0.0344844875073275
0.0336295830818427
0.0337576833485513
0.0379081284793259
0.0356183152239882
0.0370462225017052
0.0367698482463749
0.0366406147807985
0.0361880025953101
0.0338293258704736
0.0350135691543305
0.0342813118222111
0.0330860789464812
0.0346562937197225
0.0349977047377437
0.0374791848547713
0.0383617229290597
0.0341634992213505
0.0339155883578917
0.0345141055289606
0.0334895500510408
0.0372765718666694
0.0344545724817849
0.0357114687196174
0.0365059518705708
0.0366461187600121
0.0344982589970776
0.0350989312094225
0.03668866621241
0.037105094981527
0.0354952496361662
0.0366083354853494
0.0349690740079607
0.0313741307896298
0.0339956469779911
0.0357430145269003
0.036286150742266
0.0379827387528475
0.0366467219228463
0.0350411370484122
0.0364936614471353
0.0377899149586391
0.034944686172905
0.033644118306027
0.0373732570605875
0.036135703571832
0.038348874262583
0.0371399618771916
0.0354538841004514
0.0350741133473005
0.0352125419803284
0.0350175623217719
0.0353323831743354
0.0348469357442589
0.0345771845668374
0.0359664304377511
0.0359284598355788
0.0351956866565466
0.0352427282693557
0.036621759106955
0.03502316166085
0.0363436105356337
0.0331681902283181
0.0337124521618823
0.036259587996231
0.0374183822112365
0.0380555285730146
0.0369445245490901
0.0353503734507302
0.033851637109503
0.0366774202423996
0.0372521299828117
0.0354073429781483
0.0350425300148793
0.0352807435312154
0.0342976425457409
0.0376965178269174
0.0349426295567269
0.0373091953271673
0.0333504716978437
0.0348215515070036
0.0334405320781875
0.0332816802225989
0.0366786763503248
0.036640526785422
0.0351785525709101
0.0352027251886216
0.036575408943655
0.0350322056900986
0.0362913639212861
0.0329885837350735
0.0348792627018474
0.0333383943710651
0.0339040452145457
0.0365729300012871
0.0351271141374478
0.0351162437768141
0.0339633960847288
0.0332099409775315
0.0359924608846958
0.0365349485561779
0.0373305024745084
0.0371076935043954
0.0381155593652829
0.036080894661767
0.0344142391356064
0.0332435862069339
0.0372780267322398
0.0345144061288549
0.0377332041168272
0.0380766866504437
0.034389919666255
0.0362239913994049
0.0350732192618343
0.0358257991094331
0.0358963328959472
0.0348049500355421
0.0373328624361211
0.034671845256564
0.036978614855062
0.0365217439963569
0.0365428323790843
0.0331712957793697
0.0337178178568753
0.0351762200241468
0.0337269824140313
0.0379734553847473
0.0365875674760093
0.0332172098672221
0.0337836033748652
0.0346009528134393
0.0326242858242333
0.0346431875761005
0.0346468891740737
0.0356692537252205
0.0365994428714894
0.0334504239007762
0.0338754583617666
0.03484505106789
0.0349426100732367
0.0336848125620163
0.0359170861383694
0.0337535987028987
0.0378004516965854
0.036803911217637
0.0353466684884979
0.035046819086591
0.0345828188415521
0.0346116835165791
0.0341587473979211
0.0375713990714732
0.0366623064457023
0.0349568724370429
0.0378582489762022
0.0354980733097592
0.0337416979321509
0.0335071714387887
0.0349759481096961
0.033585893047798
0.0365561908302825
0.0345445970730865
0.0351619753610133
0.0338946758870754
0.03723528615842
0.0335440462677441
0.034508750649282
0.0353086266440208
0.0360797645741255
0.0341729714292495
0.034173122135876
0.0357076756908543
0.0327891636380598
0.0351008427393144
0.0361073367721771
0.0364802086707847
0.0360439364778832
0.032009724141797
0.0333289055191016
0.0375588105583786
0.0377747245102862
0.0350649367319434
0.0342592871497576
0.0371692221610607
0.0358683462557907
0.0356143723097511
0.034949206681712
0.0350190125769511
0.037313169026972
0.035435149176109
0.0358044514175729
0.034504919990801
0.0322309510495998
0.0370633473651284
0.0344203031422138
0.0334613234054141
