0.324160864767698
0.0646546469745086
0.101812345698045
0.0594517203521751
0.0234119303866731
0.0516962857441368
5.4393871853897
0.0244991221284486
0.0790771601591982
0.0532041525049038
0.0506875958898304
0.0392163286585355
0.0494334393097262
0.0801374400622899
0.0878338134326032
0.0490429189984894
0.0410592116789422
0.0876081399976492
0.0218427917593186
0.0550709094763026
0.0565377629044209
5.4393421088928
0.0343401175894186
0.0998660812075144
0.0479944964035633
0.0445493291186953
0.0334343663197585
0.0540093147588344
0.0830060582945495
0.0396150685670897
0.0365201232861597
0.0583097179141698
0.0563675223220919
0.039800502643652
0.0374591793557617
0.0386617088055423
0.0383987718938166
0.057866314961303
0.0558049741646292
5.4456277303269
0.0554924317677825
0.0572713926313142
0.0246205819595727
0.0608868277057317
0.0494258533192713
5.44309297932976
0.0482880515116569
0.0691126865063331
0.055204389939582
0.0672660983371733
0.0781197150587064
0.0449391275108342
0.0467544490090968
0.0981620843292109
0.0672125560557075
0.0904929840287217
0.0593226927391762
0.0844465114892167
0.0726095596060946
0.0370601644726664
0.0356383898010817
0.083575316916053
0.0548807475887267
0.0728863783738132
0.0640451032087966
0.0260019052183692
5.48098735806728
0.0536688432686371
0.0425893667093371
0.0533694435010012
0.0546617126062409
0.0845556900633153
5.43964412760061
0.676361811001576
0.0910850787626671
0.0272679953537042
5.49963080158305
0.0514529432328819
0.0760869952397516
0.0421925886306823
0.0441282657321789
0.0479284658739754
0.0664796248862362
0.0436607823087811
0.0534436186497885
0.0497073326843163
0.0977564934476283
5.44291345303533
0.0614241344919638
0.0316090335804079
0.0722214422212998
0.0941704685208856
0.0482384034395545
0.0443042894671087
0.0450614148917468
0.0607908048580627
0.0300921789670446
5.44955359800246
5.43012925327683
0.0497079229868492
