0.094723086449287
0.0936395272299353
0.0634285192587501
0.0930653335899537
0.0880629506107096
0.0764184594093826
0.0673857609271972
0.0600242295945486
0.0982245446883498
0.0706916509140793
0.0834285322716641
0.107349585372388
0.0574516671344472
0.103084259001185
0.0711392095037737
0.0708318259165717
0.0824488910398193
0.0610300430558901
0.095851423911275
0.0882572247830695
0.0847519196301049
0.0776669137886589
0.071909100758933
0.0796466236083161
0.0794082565805648
0.0776569392081853
0.0877730134907814
0.087435642889477
0.0924072487802859
0.0685570945464996
0.0794618824412366
0.0848296426266275
0.0866059386224404
0.0788108081829437
0.0783773468027507
0.082142463752476
0.0893827550794516
0.0871559213064517
0.0557095737416165
0.100025713345792
0.070088315178761
0.0865671626577496
0.0839687970574462
0.0868263044804957
0.0892680526178136
0.0713863109454199
0.0881666214121928
0.0876000052961927
0.077357386413843
0.0688693198509447
0.0735192939563394
0.0806489836871793
0.0696860314517811
0.107150862550066
0.0952073957697195
0.0879668687741485
0.0961976824672871
0.100078035681216
0.0846222470678214
0.0789855755698025
0.077114574020407
0.0707994937643404
0.0630525397309804
0.0927784978761422
0.0758927862469135
0.0644139964095987
0.0759931640731177
0.0703217129071086
0.101505565236532
0.0964703463362865
0.0927680226607684
0.0794300371006612
0.0792458086116778
0.0807092773267084
0.0798132414125915
0.0803592926992385
0.0672478417692949
0.16535966747575
0.093138809994879
0.0807750162044564
0.102266350685807
0.0896407708257215
0.0716940629257726
0.0756714168520264
0.0879599209795684
0.080341656169873
0.0968544716485781
0.08251198798271
0.0702683301534239
0.0792564535509517
0.0950484394983817
0.0835120028587529
0.206114874466025
0.0739469133102236
0.0937684374186607
0.0950039685965476
0.0767167820173534
0.0795138530342608
0.0819780002173904
0.0742712737038416
