2.38257737924077
0.11392033846708
0.0939203601829101
0.0996684397448476
0.0592357882402352
0.0383969925531822
4.81918421051702
0.111392737893657
0.126710709642899
0.048457241237433
0.0675327877757113
0.139376484681022
0.0871297383526712
0.0945186322259387
0.122452779060672
0.0613125238366267
0.103569737297078
0.055206050327886
0.126879157341395
0.0921124660211047
0.126588861185884
4.40549684267863
0.0553168856635462
0.0862093669288693
0.155980878379363
0.0553859057052143
0.038779357889691
0.130046258472377
0.0706158989783857
0.0958661372083355
0.105853046977892
0.0247266349945183
1.95724979156507
0.114318116495644
0.133076813799727
0.0563297408602953
0.163926703322705
0.0993033450614175
0.136741960277744
5.39570054280007
0.110241161279932
0.06355800274176
0.0919027639091104
0.0783648520898731
0.0909196596054659
5.32781883558154
0.0889778152965526
0.0489213407472325
0.106609983554473
0.128104720483758
0.154970949759924
0.0896949884381766
0.0915985872927302
0.0787977143589419
0.130835222823681
0.0743048888941727
0.0365117330965238
0.0745276753120919
0.108806398264455
0.0751461007913143
0.125504383274564
0.0853046586555148
0.149576632114786
0.0446407997937451
0.115030562820938
0.142304947351531
4.76983815420324
0.0929551610385028
0.098748263604249
0.0342754204374874
0.127029871820797
0.0538295086824991
5.35846491977918
2.95760190302599
0.142831119926739
0.0406936676715654
4.52335574358545
0.070986102234231
0.067381769661205
0.0833239883512749
0.104625122987574
0.0858358693805689
0.0668613723571474
0.0893191610457525
0.098976321211117
0.130569063281968
0.0929391329548125
4.62884244296654
0.0973027151922001
0.132783469023967
0.182050034026584
0.166888143395216
0.04374672724997
0.0912654666010918
0.197998047508807
0.0594879848182629
0.156650562011991
4.94663085634959
4.83032021002947
0.427937012825905
