0.132022756518509
0.141585111437219
0.103915637247837
0.149167783084458
0.149998218433778
0.124946424921058
0.135662211691214
0.131418642113657
0.162777819782439
0.133261873721937
0.147144778914687
0.149848334584944
0.133479975699635
0.137836310353033
0.116811675116922
0.131250767157757
0.125192657562591
0.144701305852464
0.141217646672054
0.139439853745881
0.142205275187483
0.134934309781564
0.145003035354691
0.144885786922946
0.137014939821297
0.142643194606712
0.144499560714475
0.141407463474
0.165891999602575
0.12413448877805
0.146238024132727
0.147876733102827
0.146836054412982
0.128533761123661
0.139862473990624
0.13916366067234
0.142928946439672
0.135062187545407
0.121544964907086
0.12716919463923
0.135894244886126
0.142723231946943
0.129467219329459
0.15016908574621
0.148202339336063
0.122396332151951
0.151454403457125
0.136523803915003
0.153483673076055
0.133108334330581
0.135103693805387
0.14151289306558
0.135443972104826
0.16316098840235
0.148648542778262
0.15657062654467
0.129889540532372
0.162598941371102
0.148147881676788
0.134766044450832
0.142934065657746
0.128315497798512
0.129702500970671
0.143215470852324
0.142086515370998
0.127884274656589
0.138405580737171
0.13264356049203
0.154008640013757
0.146899143160824
0.13839499017102
0.138915896325044
0.143306157815819
0.139715713794073
0.142457049894927
0.139850024347021
0.1294763186962
0.130397950434341
0.138622322898393
0.140465566567116
0.151712815484459
0.148212146440332
0.137292469089741
0.144220241871739
0.151524437235136
0.143463333249994
0.150356666582574
0.156162819332506
0.142595705298342
0.136933879462121
0.151317057333228
0.148016224519789
0.136189169396986
0.136441998630008
0.146654710004932
0.131333901415947
0.126204903677262
0.143283477617417
0.132672329421759
0.142078909733772
