0.0657829875065683
0.100562336224652
0.0542963484119372
0.0954047592072406
0.0600261330129752
0.074063198529957
0.519771110960921
0.0663400890271955
0.103949996324734
0.0700400245231753
0.0659721882203533
0.0921528875897093
0.0596828185786112
0.102584028798814
0.0697342147060587
0.0705697946341971
0.059482407145574
0.080406036899979
0.0949474702278857
0.0777785140557382
0.0702329300543484
0.246883483948451
0.0762396623948487
0.0696228088329101
0.0674950345366252
0.0708451908292274
0.0676019370815037
0.0747579660153164
0.0934733552245244
0.0657437903427215
0.083428258794175
0.0913980975209608
0.0820123278133671
0.0712362990936987
0.0868866228200864
0.0858769185199559
0.0931274064917339
0.0900709102112325
0.0712446681555051
0.102447247321495
0.0649934683411901
0.13528271978124
0.0783917212141368
0.100388599029846
0.0913101035704718
0.788092582711196
0.212831978800833
0.0853551044415825
0.0859846872627065
0.072675439252446
0.0831947173003078
0.070402302958447
0.0840752066161232
0.098921029588155
0.0854708566718563
0.0916972823623821
0.114595681800504
0.103041149071768
0.0871346582284991
0.0697861700245611
0.0563697454623426
0.0812817372300132
0.101075970600934
0.0972051331123345
0.0733565370187459
0.0746115668100524
0.0689544833728151
0.0718624635068281
0.103337565674128
0.0980599736154796
0.475722030665911
0.0685207200228958
0.0777264902555306
0.0837232277681181
0.0821654849730147
0.39358940705805
0.0636347822164886
0.090103835675031
0.0749133098404378
0.0884533987343026
0.0889353180162402
0.0960853629219351
0.0795813255623583
0.0665756438131678
0.0939796968098329
0.0815661656488945
0.084998678640447
0.0867750113607796
0.0605559084039307
0.0680584236592024
0.0966971004207448
0.0839136637250065
0.0765673016140997
0.0656650493386268
0.0913571989419413
0.101805846219054
0.0745707359881124
0.0962547760502991
0.0891682236121306
0.0750459454558383
