0.0195448416775342
0.0575944890947468
0.0299389636917724
0.0290304634973536
5.41112900589794
5.37944693612811
0.509540667609536
0.0285169154933635
0.190284463074622
5.44442127430614
0.0263185412581635
0.128338741577447
0.0297997260159254
0.050924217660093
4.53735459741393
0.0424003179733186
0.0531696891836533
0.0320104086021145
0.0329821803440146
5.25220096614901
0.101470810267301
0.0317109038983211
0.576664889271777
0.227089586788444
0.016466408480862
0.0292654456423415
0.0431726729165519
0.0379211282529189
5.42850924469085
5.21752369520201
0.808687482341371
4.97121918298183
0.0205956037474062
0.0339828432899888
0.0228888233332363
0.0401527289131011
0.113185876595574
0.0321417649727315
0.306689557600664
0.0477046509259631
0.0188628836652855
0.0219028697274705
0.0329764194790197
0.0572492926294721
0.0427367413133196
0.43833734168879
0.0563629239030907
0.0500300761157571
0.0244635860624497
0.111731109647437
0.890800111811099
0.0366115132646571
0.0380803780790119
5.42972724613046
0.038005796863664
0.04592099725355
0.0305946955988858
0.0473923017485163
0.09950460069364
0.0235950482968076
5.3829050794204
0.0619509474411541
0.0366075219203981
0.0345322657965604
0.0469889243751099
0.119522640776697
5.27076150262535
0.0534056321379768
0.0235556067645053
0.371686416967613
0.0455486903202117
0.119967798720873
0.094299324911197
0.0506920438126224
0.0461037001968357
0.0126272276725085
0.281798689293018
0.0314571924962273
0.0549012136753817
0.0327856737422616
0.0634018411656769
0.298956686014893
0.0272409709297985
0.0671155987449651
0.434118697900388
5.37809376407348
0.0523207522045227
0.0447972939682295
5.25607146893251
0.0361267600538963
0.0541987427799592
0.0384258968554952
5.40406119876528
0.283470332348953
0.226934883670461
0.0945286047245297
4.70744596196021
0.201369839986659
0.0443194999737544
0.0290567706139242
