0.0787034067992746
0.144688084045128
0.0854877913209711
0.0909828056057717
5.19714438354333
4.98481679257779
2.1077923345964
0.0845404866244795
0.980220375294733
5.31612268820006
0.0918624858186702
0.77473314114776
0.0698525080623656
0.11146429642767
3.82431013178582
0.120170349590718
0.0786678684688661
0.0221624562413361
0.18598707317946
4.58270267398139
0.504601959659278
0.0551260497064553
2.1056085555908
1.14177576841238
0.0560331048017939
0.0618584464590369
0.0990721906081193
0.0860324233381853
5.2587387352088
4.57981620777357
2.38496464054376
4.33166175402219
0.0421941930867946
0.100554762610997
0.0524548607594508
0.0981943036939933
0.61560900698799
0.0784530319632355
1.51386345488985
0.104245657120604
0.0775181930489697
0.0351486295334503
0.0525246624707099
0.262428173362107
0.0589679351488203
1.81954025801651
0.22539689788953
0.0987751600361517
0.0702859334288372
0.490068904918462
2.5168340183037
0.148017583347194
0.291123432885635
5.24706526069502
0.0620236575549583
0.0826292227067464
0.0993940654497143
0.0738263587212692
0.53955656490225
0.107232357205168
5.25310112200997
0.294836802152941
0.107137179162821
0.0877667237973568
0.0885959165735457
0.524763975292971
4.50350317941897
0.0724136544003708
0.103953471555894
1.72140660075935
0.141370971553469
0.715793791821472
0.446229492492924
0.376473324580039
0.0810601900089459
0.0495014106479652
1.37702866345336
0.0686101938208328
0.102749231554852
0.108950734544739
0.0718767455315437
1.47703522466237
0.0951834350635774
0.334485687741611
1.85738242928028
5.16466067593335
0.116297723927278
0.12431824971741
4.4203864268368
0.10850142710519
0.100627048806674
0.14251062698967
5.17421648776059
1.32078520105122
1.10871892992681
0.355327503379364
3.929063836161
1.10185385439511
0.167697617344663
0.0408853749658324
